0.000000e+00 3.490659e-01 0.000000e+00 0.000000e+00 0.000000e+00 0.000000e+00 0.000000e+00 
1.010101e-01 3.490659e-01 6.346652e-02 0.000000e+00 0.000000e+00 0.000000e+00 0.000000e+00 
2.020202e-01 3.490659e-01 1.269330e-01 0.000000e+00 0.000000e+00 0.000000e+00 0.000000e+00 
3.030303e-01 3.490659e-01 1.903996e-01 0.000000e+00 0.000000e+00 0.000000e+00 0.000000e+00 
4.040404e-01 3.490659e-01 2.538661e-01 0.000000e+00 0.000000e+00 0.000000e+00 0.000000e+00 
5.050505e-01 3.490659e-01 3.173326e-01 0.000000e+00 0.000000e+00 0.000000e+00 0.000000e+00 
6.060606e-01 3.490659e-01 3.807991e-01 0.000000e+00 0.000000e+00 0.000000e+00 0.000000e+00 
7.070707e-01 3.490659e-01 4.442656e-01 0.000000e+00 0.000000e+00 0.000000e+00 0.000000e+00 
8.080808e-01 3.490659e-01 5.077321e-01 0.000000e+00 0.000000e+00 0.000000e+00 0.000000e+00 
9.090909e-01 3.490659e-01 5.711987e-01 0.000000e+00 0.000000e+00 0.000000e+00 0.000000e+00 
1.010101e+00 3.490659e-01 6.346652e-01 0.000000e+00 0.000000e+00 0.000000e+00 0.000000e+00 
1.111111e+00 3.490659e-01 6.981317e-01 0.000000e+00 0.000000e+00 0.000000e+00 0.000000e+00 
1.212121e+00 3.490659e-01 7.615982e-01 0.000000e+00 0.000000e+00 0.000000e+00 0.000000e+00 
1.313131e+00 3.490659e-01 8.250647e-01 0.000000e+00 0.000000e+00 0.000000e+00 0.000000e+00 
1.414141e+00 3.490659e-01 8.885313e-01 0.000000e+00 0.000000e+00 0.000000e+00 0.000000e+00 
1.515152e+00 3.490659e-01 9.519978e-01 0.000000e+00 0.000000e+00 0.000000e+00 0.000000e+00 
1.616162e+00 3.490659e-01 1.015464e+00 0.000000e+00 0.000000e+00 0.000000e+00 0.000000e+00 
1.717172e+00 3.490659e-01 1.078931e+00 0.000000e+00 0.000000e+00 0.000000e+00 0.000000e+00 
1.818182e+00 3.490659e-01 1.142397e+00 0.000000e+00 0.000000e+00 0.000000e+00 0.000000e+00 
1.919192e+00 3.490659e-01 1.205864e+00 0.000000e+00 0.000000e+00 0.000000e+00 0.000000e+00 
2.020202e+00 3.490659e-01 1.269330e+00 0.000000e+00 0.000000e+00 0.000000e+00 0.000000e+00 
2.121212e+00 3.490659e-01 1.332797e+00 0.000000e+00 0.000000e+00 0.000000e+00 0.000000e+00 
2.222222e+00 3.490659e-01 1.396263e+00 0.000000e+00 0.000000e+00 0.000000e+00 0.000000e+00 
2.323232e+00 3.490659e-01 1.459730e+00 0.000000e+00 0.000000e+00 0.000000e+00 0.000000e+00 
2.424242e+00 3.490659e-01 1.523196e+00 0.000000e+00 0.000000e+00 0.000000e+00 0.000000e+00 
2.525253e+00 3.490659e-01 1.586663e+00 0.000000e+00 0.000000e+00 0.000000e+00 0.000000e+00 
2.626263e+00 3.490659e-01 1.650129e+00 0.000000e+00 0.000000e+00 0.000000e+00 0.000000e+00 
2.727273e+00 3.490659e-01 1.713596e+00 0.000000e+00 0.000000e+00 0.000000e+00 0.000000e+00 
2.828283e+00 3.490659e-01 1.777063e+00 0.000000e+00 0.000000e+00 0.000000e+00 0.000000e+00 
2.929293e+00 3.490659e-01 1.840529e+00 0.000000e+00 0.000000e+00 0.000000e+00 0.000000e+00 
3.030303e+00 3.490659e-01 1.903996e+00 0.000000e+00 0.000000e+00 0.000000e+00 0.000000e+00 
3.131313e+00 3.490659e-01 1.967462e+00 0.000000e+00 0.000000e+00 0.000000e+00 0.000000e+00 
3.232323e+00 3.490659e-01 2.030929e+00 0.000000e+00 0.000000e+00 0.000000e+00 0.000000e+00 
3.333333e+00 3.490659e-01 2.094395e+00 0.000000e+00 0.000000e+00 0.000000e+00 0.000000e+00 
3.434343e+00 3.490659e-01 2.157862e+00 0.000000e+00 0.000000e+00 0.000000e+00 0.000000e+00 
3.535354e+00 3.490659e-01 2.221328e+00 0.000000e+00 0.000000e+00 0.000000e+00 0.000000e+00 
3.636364e+00 3.490659e-01 2.284795e+00 0.000000e+00 0.000000e+00 0.000000e+00 0.000000e+00 
3.737374e+00 3.490659e-01 2.348261e+00 0.000000e+00 0.000000e+00 0.000000e+00 0.000000e+00 
3.838384e+00 3.490659e-01 2.411728e+00 0.000000e+00 0.000000e+00 0.000000e+00 0.000000e+00 
3.939394e+00 3.490659e-01 2.475194e+00 0.000000e+00 0.000000e+00 0.000000e+00 0.000000e+00 
4.040404e+00 3.490659e-01 2.538661e+00 0.000000e+00 0.000000e+00 0.000000e+00 0.000000e+00 
4.141414e+00 3.490659e-01 2.602127e+00 0.000000e+00 0.000000e+00 0.000000e+00 0.000000e+00 
4.242424e+00 3.490659e-01 2.665594e+00 0.000000e+00 0.000000e+00 0.000000e+00 0.000000e+00 
4.343434e+00 3.490659e-01 2.729060e+00 0.000000e+00 0.000000e+00 0.000000e+00 0.000000e+00 
4.444444e+00 3.490659e-01 2.792527e+00 0.000000e+00 0.000000e+00 0.000000e+00 0.000000e+00 
4.545455e+00 3.490659e-01 2.855993e+00 0.000000e+00 0.000000e+00 0.000000e+00 0.000000e+00 
4.646465e+00 3.490659e-01 2.919460e+00 0.000000e+00 0.000000e+00 0.000000e+00 0.000000e+00 
4.747475e+00 3.490659e-01 2.982926e+00 0.000000e+00 0.000000e+00 0.000000e+00 0.000000e+00 
4.848485e+00 3.490659e-01 3.046393e+00 0.000000e+00 0.000000e+00 0.000000e+00 0.000000e+00 
4.949495e+00 3.490659e-01 3.109859e+00 0.000000e+00 0.000000e+00 0.000000e+00 0.000000e+00 
5.050505e+00 3.490659e-01 3.173326e+00 0.000000e+00 0.000000e+00 0.000000e+00 0.000000e+00 
5.151515e+00 3.490659e-01 3.236792e+00 0.000000e+00 0.000000e+00 0.000000e+00 0.000000e+00 
5.252525e+00 3.490659e-01 3.300259e+00 0.000000e+00 0.000000e+00 0.000000e+00 0.000000e+00 
5.353535e+00 3.490659e-01 3.363725e+00 0.000000e+00 0.000000e+00 0.000000e+00 0.000000e+00 
5.454545e+00 3.490659e-01 3.427192e+00 0.000000e+00 0.000000e+00 0.000000e+00 0.000000e+00 
5.555556e+00 3.490659e-01 3.490659e+00 0.000000e+00 0.000000e+00 0.000000e+00 0.000000e+00 
5.656566e+00 3.490659e-01 3.554125e+00 0.000000e+00 0.000000e+00 0.000000e+00 0.000000e+00 
5.757576e+00 3.490659e-01 3.617592e+00 0.000000e+00 0.000000e+00 0.000000e+00 0.000000e+00 
5.858586e+00 3.490659e-01 3.681058e+00 0.000000e+00 0.000000e+00 0.000000e+00 0.000000e+00 
5.959596e+00 3.490659e-01 3.744525e+00 0.000000e+00 0.000000e+00 0.000000e+00 0.000000e+00 
6.060606e+00 3.490659e-01 3.807991e+00 0.000000e+00 0.000000e+00 0.000000e+00 0.000000e+00 
6.161616e+00 3.490659e-01 3.871458e+00 0.000000e+00 0.000000e+00 0.000000e+00 0.000000e+00 
6.262626e+00 3.490659e-01 3.934924e+00 0.000000e+00 0.000000e+00 0.000000e+00 0.000000e+00 
6.363636e+00 3.490659e-01 3.998391e+00 0.000000e+00 0.000000e+00 0.000000e+00 0.000000e+00 
6.464646e+00 3.490659e-01 4.061857e+00 0.000000e+00 0.000000e+00 0.000000e+00 0.000000e+00 
6.565657e+00 3.490659e-01 4.125324e+00 0.000000e+00 0.000000e+00 0.000000e+00 0.000000e+00 
6.666667e+00 3.490659e-01 4.188790e+00 0.000000e+00 0.000000e+00 0.000000e+00 0.000000e+00 
6.767677e+00 3.490659e-01 4.252257e+00 0.000000e+00 0.000000e+00 0.000000e+00 0.000000e+00 
6.868687e+00 3.490659e-01 4.315723e+00 0.000000e+00 0.000000e+00 0.000000e+00 0.000000e+00 
6.969697e+00 3.490659e-01 4.379190e+00 0.000000e+00 0.000000e+00 0.000000e+00 0.000000e+00 
7.070707e+00 3.490659e-01 4.442656e+00 0.000000e+00 0.000000e+00 0.000000e+00 0.000000e+00 
7.171717e+00 3.490659e-01 4.506123e+00 0.000000e+00 0.000000e+00 0.000000e+00 0.000000e+00 
7.272727e+00 3.490659e-01 4.569589e+00 0.000000e+00 0.000000e+00 0.000000e+00 0.000000e+00 
7.373737e+00 3.490659e-01 4.633056e+00 0.000000e+00 0.000000e+00 0.000000e+00 0.000000e+00 
7.474747e+00 3.490659e-01 4.696522e+00 0.000000e+00 0.000000e+00 0.000000e+00 0.000000e+00 
7.575758e+00 3.490659e-01 4.759989e+00 0.000000e+00 0.000000e+00 0.000000e+00 0.000000e+00 
7.676768e+00 3.490659e-01 4.823455e+00 0.000000e+00 0.000000e+00 0.000000e+00 0.000000e+00 
7.777778e+00 3.490659e-01 4.886922e+00 0.000000e+00 0.000000e+00 0.000000e+00 0.000000e+00 
7.878788e+00 3.490659e-01 4.950388e+00 0.000000e+00 0.000000e+00 0.000000e+00 0.000000e+00 
7.979798e+00 3.490659e-01 5.013855e+00 0.000000e+00 0.000000e+00 0.000000e+00 0.000000e+00 
8.080808e+00 3.490659e-01 5.077321e+00 0.000000e+00 0.000000e+00 0.000000e+00 0.000000e+00 
8.181818e+00 3.490659e-01 5.140788e+00 0.000000e+00 0.000000e+00 0.000000e+00 0.000000e+00 
8.282828e+00 3.490659e-01 5.204254e+00 0.000000e+00 0.000000e+00 0.000000e+00 0.000000e+00 
8.383838e+00 3.490659e-01 5.267721e+00 0.000000e+00 0.000000e+00 0.000000e+00 0.000000e+00 
8.484848e+00 3.490659e-01 5.331188e+00 0.000000e+00 0.000000e+00 0.000000e+00 0.000000e+00 
8.585859e+00 3.490659e-01 5.394654e+00 0.000000e+00 0.000000e+00 0.000000e+00 0.000000e+00 
8.686869e+00 3.490659e-01 5.458121e+00 0.000000e+00 0.000000e+00 0.000000e+00 0.000000e+00 
8.787879e+00 3.490659e-01 5.521587e+00 0.000000e+00 0.000000e+00 0.000000e+00 0.000000e+00 
8.888889e+00 3.490659e-01 5.585054e+00 0.000000e+00 0.000000e+00 0.000000e+00 0.000000e+00 
8.989899e+00 3.490659e-01 5.648520e+00 0.000000e+00 0.000000e+00 0.000000e+00 0.000000e+00 
9.090909e+00 3.490659e-01 5.711987e+00 0.000000e+00 0.000000e+00 0.000000e+00 0.000000e+00 
9.191919e+00 3.490659e-01 5.775453e+00 0.000000e+00 0.000000e+00 0.000000e+00 0.000000e+00 
9.292929e+00 3.490659e-01 5.838920e+00 0.000000e+00 0.000000e+00 0.000000e+00 0.000000e+00 
9.393939e+00 3.490659e-01 5.902386e+00 0.000000e+00 0.000000e+00 0.000000e+00 0.000000e+00 
9.494949e+00 3.490659e-01 5.965853e+00 0.000000e+00 0.000000e+00 0.000000e+00 0.000000e+00 
9.595960e+00 3.490659e-01 6.029319e+00 0.000000e+00 0.000000e+00 0.000000e+00 0.000000e+00 
9.696970e+00 3.490659e-01 6.092786e+00 0.000000e+00 0.000000e+00 0.000000e+00 0.000000e+00 
9.797980e+00 3.490659e-01 6.156252e+00 0.000000e+00 0.000000e+00 0.000000e+00 0.000000e+00 
9.898990e+00 3.490659e-01 6.219719e+00 0.000000e+00 0.000000e+00 0.000000e+00 0.000000e+00 
1.000000e+01 3.490659e-01 6.283185e+00 0.000000e+00 0.000000e+00 0.000000e+00 0.000000e+00 
